

Instance: ..\Instances\OVRP\test.ovrp
RKO: SA | ILS | VNS | BRKGA | BRKGA-CS | PSO | GA | LNS | GRASP | IPR | 
Sol: 0.219 0.079 0.100 0.217 0.309 0.150 0.240 0.232 0.004 0.216 0.022 0.739 0.037 0.551 0.296 0.054 0.195 0.231 0.171 0.514 0.125 0.301 0.151 0.935 0.229 0.496 0.054 0.018 0.104 0.185 0.829 0.011 0.092 0.244 0.881 0.101 0.098 0.394 0.191 0.062 0.148 0.116 0.948 0.078 0.127 0.324 0.242 0.131 0.027 0.388 0.218 0.117 0.957 0.006 0.135 0.078 0.314 0.083 0.008 0.375 0.019 0.325 0.024 
ofv: -12.418079
f1: 1.60331
f2: 12.41808
Best time: 2.703
Total time:5.013 


Instance: ..\Instances\OVRP\1000N_100p_0to1_5d_6000E_f1=5000_f2=0.ovrp
RKO: SA | ILS | VNS | BRKGA | BRKGA-CS | PSO | GA | LNS | GRASP | IPR | 
Sol: 0.451 0.820 0.198 0.305 0.729 0.957 0.237 0.943 0.346 0.117 0.021 0.314 0.456 0.568 0.076 0.824 0.235 0.055 0.912 0.241 0.037 0.201 0.170 0.215 0.315 0.304 0.422 0.217 0.402 0.505 0.001 0.367 0.105 0.067 0.940 0.543 0.707 0.257 0.312 0.020 0.064 0.885 0.286 0.315 0.405 0.880 0.216 0.322 0.104 0.673 0.092 0.419 0.462 0.105 0.937 0.109 0.246 0.270 0.653 0.831 0.255 0.427 0.367 0.251 0.463 0.049 0.548 0.466 0.508 0.590 0.933 0.283 0.044 0.361 0.645 0.523 0.391 0.106 0.307 0.469 0.301 0.170 0.774 0.001 0.092 0.281 0.634 0.357 1.000 0.438 0.852 0.327 0.378 0.295 0.045 0.540 0.506 0.186 0.395 0.279 0.118 0.115 0.235 0.091 0.831 0.091 0.783 0.411 0.172 0.811 0.648 0.637 0.568 0.388 0.375 0.549 0.435 0.521 0.653 0.262 0.725 0.850 0.587 0.218 0.761 0.671 0.112 0.786 0.463 0.450 0.890 0.643 0.833 0.202 0.684 0.359 0.322 0.988 0.205 0.363 0.882 0.132 0.117 0.529 0.503 0.534 0.508 0.992 0.139 0.247 0.997 0.428 0.334 0.946 0.987 0.177 0.055 0.280 0.684 0.462 0.152 0.977 0.401 0.713 0.561 0.508 0.367 0.479 0.374 0.518 0.470 0.333 0.604 0.701 0.546 0.222 0.657 0.418 0.726 0.254 0.288 0.063 0.276 0.398 0.216 0.572 0.587 0.290 0.171 0.378 0.628 0.107 0.708 0.194 0.613 0.640 0.668 0.971 0.094 0.521 0.989 0.135 0.553 0.529 0.260 
ofv: -12.496431
f1: 5.86462
f2: 12.49643
Best time: 37.546
Total time:60.018 


Instance: ..\Instances\OVRP\1000N_100p_0to1_5d_6000E_f1=5000_f2=0.ovrp
RKO: LNS | 
Sol: 0.795 0.675 0.153 0.357 0.091 0.950 0.256 0.565 0.411 0.071 0.840 0.460 0.577 0.031 0.055 0.161 0.502 0.487 0.726 0.733 0.355 0.185 0.698 0.156 0.683 0.145 0.037 0.421 0.092 0.379 0.374 0.094 0.171 0.443 0.408 0.392 0.844 0.863 0.704 0.366 0.192 0.064 0.254 0.139 0.508 0.779 0.285 0.058 0.510 0.434 0.038 0.143 0.893 0.049 0.328 0.295 0.023 0.275 0.358 0.358 0.263 0.424 0.188 0.133 0.835 0.054 0.170 0.271 0.205 0.147 0.159 0.193 0.060 0.188 0.235 0.027 0.526 0.586 0.185 0.081 0.629 0.049 0.834 0.281 0.332 0.339 0.115 0.156 0.385 0.878 0.910 0.476 0.124 0.405 0.699 0.987 0.341 0.505 0.114 0.462 0.435 0.327 0.370 0.870 0.166 0.410 0.592 0.069 0.981 0.467 0.141 0.125 0.082 0.007 0.834 0.010 0.119 0.128 0.015 0.805 0.526 0.105 0.396 0.455 0.050 0.645 0.230 0.216 0.094 0.232 0.264 0.026 0.101 0.701 0.097 0.062 0.227 0.498 0.819 0.503 0.366 0.530 0.861 0.100 0.129 0.591 0.066 0.091 0.031 0.122 0.477 0.463 0.125 0.071 0.037 0.068 0.126 0.864 0.208 0.696 0.511 0.043 0.025 0.118 0.853 0.034 0.456 0.091 0.101 0.948 0.553 0.059 0.017 0.068 0.056 0.689 0.258 0.342 0.058 0.091 0.027 0.096 0.117 0.867 0.697 0.043 0.316 0.564 0.139 0.550 0.486 0.282 0.071 0.957 0.346 0.101 0.276 0.055 0.298 0.753 0.569 0.118 0.106 0.672 0.111 
ofv: -11.154264
f1: 5.74792
f2: 11.15426
Best time: 52.742
Total time:60.003 


Instance: ..\Instances\OVRP\1000N_100p_0to1_5d_6000E_f1=5000_f2=0.ovrp
RKO: SA | 
Sol: 0.618 0.384 0.947 0.192 0.855 0.458 0.698 0.619 0.384 0.043 0.260 0.142 0.125 0.082 0.359 0.142 0.463 0.495 0.395 0.481 0.227 0.204 0.359 0.216 0.789 0.461 0.370 0.344 0.168 0.279 0.143 0.365 0.804 0.447 0.460 0.221 0.514 0.989 0.163 0.308 0.504 0.607 0.914 0.023 0.145 0.172 0.119 0.418 0.368 0.117 0.470 0.436 0.246 0.225 0.472 0.449 0.024 0.562 0.410 0.060 0.302 0.011 0.369 0.051 0.622 0.034 0.173 0.415 0.295 0.102 0.215 0.940 0.652 0.113 0.280 0.298 0.020 0.452 0.440 0.254 0.699 0.469 0.904 0.116 0.291 0.339 0.722 0.821 0.549 0.885 0.140 0.442 0.725 0.188 0.635 0.800 0.452 0.289 0.935 0.418 0.068 0.842 0.750 0.018 0.751 0.926 0.326 0.168 0.758 0.498 0.794 0.678 0.463 0.817 0.096 0.895 0.235 0.344 0.167 0.704 0.480 0.351 0.141 0.082 0.601 0.118 0.496 0.748 0.123 0.109 0.362 0.812 0.688 0.181 0.286 0.530 0.495 0.915 0.977 0.790 0.868 0.231 0.995 0.094 0.010 0.886 0.142 0.294 0.947 0.656 0.235 0.295 0.214 0.884 0.910 0.921 0.941 0.711 0.032 0.950 0.297 0.258 0.088 0.800 0.752 0.009 0.184 0.697 0.613 0.959 0.716 0.510 0.002 0.568 0.548 0.167 0.632 0.979 0.510 0.148 0.497 0.224 0.124 0.119 0.048 0.204 0.525 0.565 0.402 0.719 0.773 0.563 0.268 0.526 0.074 0.942 0.508 0.289 0.225 0.064 0.403 0.634 0.042 0.970 0.019 
ofv: -10.787189
f1: 5.15095
f2: 10.78719
Best time: 49.086
Total time:60.003 


Instance: ..\Instances\OVRP\1000N_100p_0to1_5d_6000E_f1=5000_f2=0.ovrp
RKO: ILS | 
Sol: 0.113 0.924 0.746 0.347 0.462 0.898 0.961 0.547 0.689 0.177 0.073 0.339 0.889 0.179 0.145 0.453 0.066 0.001 0.078 0.943 0.012 0.065 0.306 0.034 0.360 0.961 0.748 0.064 0.489 0.047 0.706 0.483 0.998 0.733 0.326 0.201 0.892 0.810 0.483 0.724 0.146 0.908 0.702 0.731 0.705 0.788 0.893 0.496 0.380 0.288 0.808 0.578 0.340 0.576 0.532 0.455 0.387 0.482 0.104 0.676 0.459 0.105 0.779 0.055 0.457 0.005 0.759 0.591 0.060 0.211 0.453 0.261 0.167 0.458 0.307 0.735 0.743 0.994 0.978 0.349 0.025 0.150 0.073 0.262 0.399 0.098 0.945 0.230 0.137 0.464 0.495 0.930 0.360 0.978 0.808 0.096 0.126 0.496 0.669 0.750 0.234 0.124 0.108 0.404 0.458 0.475 0.059 0.812 0.109 0.690 0.344 0.457 0.633 0.587 0.566 0.590 0.831 0.670 0.761 0.780 0.965 0.758 0.359 0.292 0.872 0.072 0.745 0.677 0.525 0.349 0.044 0.692 0.350 0.685 0.507 0.583 0.022 0.367 0.650 0.351 0.184 0.846 0.841 0.986 0.092 0.754 0.363 0.992 0.735 0.880 0.222 0.689 0.391 0.989 0.551 0.319 0.393 0.863 0.439 0.385 0.517 0.197 0.491 0.181 0.846 0.518 0.993 0.278 0.412 0.367 0.642 0.818 0.245 0.278 0.063 0.461 0.652 0.348 0.552 0.984 0.680 0.142 0.832 0.738 0.861 0.158 0.064 0.039 0.103 0.612 0.044 0.505 0.377 0.355 0.781 0.242 0.199 0.224 0.455 0.261 0.479 0.659 0.292 0.090 0.204 
ofv: -13.082241
f1: 6.09467
f2: 13.08224
Best time: 38.310
Total time:60.418 




Instance: ..\Instances\OVRP\1000N_100p_0to1_5d_6000E_f1=5000_f2=0.ovrp
RKO: VNS | 
Sol: 0.782 0.625 0.239 0.462 0.791 0.658 0.039 0.039 0.963 0.193 0.282 0.360 0.137 0.149 0.922 0.912 0.090 0.236 0.335 0.416 0.928 0.053 0.154 0.663 0.842 0.300 0.345 0.873 0.280 0.735 0.478 0.821 0.995 0.764 0.036 0.369 0.630 0.024 0.443 0.829 0.959 0.575 0.477 0.767 0.686 0.644 0.684 0.108 0.646 0.261 0.784 0.877 0.778 0.993 0.032 0.171 0.976 0.281 0.072 0.069 0.539 0.577 0.310 0.537 0.793 0.130 0.377 0.671 0.695 0.694 0.556 0.930 0.411 0.568 0.458 0.723 0.343 0.324 0.995 0.471 0.871 0.004 0.847 0.884 0.580 0.486 0.387 0.576 0.024 0.047 0.016 0.890 0.994 0.734 0.282 0.792 0.374 0.777 0.232 0.518 0.236 0.492 0.082 0.534 0.822 0.960 0.662 0.659 0.837 0.357 0.102 0.344 0.538 0.966 0.597 0.199 0.760 0.470 0.748 0.202 0.746 0.764 0.817 0.043 0.361 0.839 0.682 0.237 0.363 0.193 0.673 0.309 0.672 0.830 0.934 0.640 0.697 0.009 0.180 0.584 0.435 0.024 0.599 0.300 0.497 0.644 0.187 0.307 0.411 0.840 0.649 0.233 0.050 0.920 0.451 0.250 0.772 0.717 0.673 0.569 0.499 0.613 0.822 0.590 0.826 0.017 0.014 0.003 0.213 0.241 0.901 0.590 0.900 0.540 0.683 0.433 0.363 0.753 0.871 0.850 0.859 0.087 0.078 0.895 0.004 0.365 0.206 0.746 0.695 0.652 0.233 0.688 0.482 0.540 0.347 0.497 0.417 0.575 0.481 0.425 0.554 0.083 0.061 0.625 0.376 
ofv: -13.656539
f1: 6.25237
f2: 13.65654
Best time: 40.230
Total time:60.338 


Instance: ..\Instances\OVRP\1000N_100p_1to2_5d_8000E_f1=6000_f2=0.ovrp
RKO: VNS | 
Sol: 0.688 0.989 0.847 0.398 0.271 0.968 0.846 0.096 0.967 0.430 0.655 0.107 0.722 0.203 0.197 0.566 0.969 0.738 0.591 0.736 0.693 0.552 0.174 0.517 0.586 0.399 0.082 0.738 0.056 0.707 0.175 0.792 0.276 0.163 0.406 0.066 0.491 0.078 0.186 0.404 0.932 0.735 0.186 0.188 0.387 0.084 0.908 0.411 0.905 0.986 0.327 0.749 0.492 0.310 0.908 0.216 0.311 0.651 0.733 0.607 0.224 0.273 0.692 0.277 0.851 0.650 0.985 0.587 0.306 0.016 0.226 0.329 0.782 0.734 0.012 0.810 0.599 0.992 0.616 0.179 0.464 0.276 0.884 0.590 0.320 0.606 0.547 0.615 0.098 0.583 0.584 0.522 0.358 0.410 0.412 0.036 0.710 0.375 0.149 0.989 0.456 0.759 0.202 0.568 0.345 0.177 0.112 0.586 0.932 0.517 0.572 0.763 0.915 0.106 0.067 0.738 0.443 0.144 0.395 0.465 0.891 0.501 0.276 0.369 0.375 0.706 0.957 0.304 0.150 0.445 0.098 0.386 0.665 0.004 0.933 0.104 0.976 0.110 0.925 0.436 0.483 0.923 0.332 0.947 0.131 0.210 0.267 0.829 0.555 0.009 0.698 0.707 0.251 0.363 0.037 0.103 0.481 0.236 0.889 0.535 0.373 0.328 0.793 0.449 0.946 0.961 0.264 0.813 0.811 0.304 0.020 0.674 0.251 0.689 0.514 0.032 0.996 0.709 0.091 0.912 0.454 0.723 0.984 0.908 0.770 0.262 0.792 0.941 0.092 0.164 0.674 0.675 0.039 0.221 0.148 0.366 0.790 0.857 0.301 0.932 0.956 0.850 0.602 0.186 0.532 
ofv: -15.588680
f1: 13.83268
f2: 15.58868
Best time: 34.695
Total time:60.350 


Instance: ..\Instances\OVRP\1000N_100p_1to2_5d_8000E_f1=6000_f2=0.ovrp
RKO: SA | ILS | VNS | BRKGA | BRKGA-CS | PSO | GA | LNS | GRASP | 
Sol: 0.732 0.322 0.481 0.749 0.614 0.423 0.712 0.105 0.989 0.660 0.507 0.547 0.293 0.833 0.477 0.185 0.281 0.597 0.688 0.787 0.784 0.072 0.683 0.565 0.481 0.422 0.781 0.645 0.713 0.338 0.690 0.580 0.720 0.677 0.730 0.350 0.710 0.957 0.742 0.284 0.552 0.482 0.117 0.821 0.719 0.509 0.363 0.294 0.686 0.831 0.597 0.024 0.754 0.508 0.369 0.422 0.505 0.593 0.495 0.059 0.880 0.569 0.355 0.560 0.161 0.140 0.549 0.406 0.088 0.693 0.909 0.165 0.279 0.727 0.015 0.081 0.579 0.822 0.440 0.744 0.697 0.501 0.152 0.714 0.796 0.148 0.656 0.667 0.810 0.442 0.187 0.582 0.533 0.183 0.334 0.352 0.003 0.332 0.034 0.447 0.053 0.116 0.583 0.913 0.735 0.407 0.081 0.796 0.697 0.861 0.520 0.464 0.732 0.537 0.116 0.656 0.270 0.537 0.612 0.170 0.322 0.585 0.786 0.712 0.388 0.727 0.218 0.244 0.909 0.141 0.689 0.439 0.838 0.624 0.884 0.201 0.597 0.044 0.669 0.218 0.104 0.945 0.564 0.551 0.520 0.883 0.193 0.371 0.146 0.564 0.019 0.912 0.018 0.741 0.486 0.015 0.113 0.684 0.373 0.501 0.995 0.846 0.869 0.218 0.630 0.177 0.559 0.501 0.490 0.065 0.382 0.577 0.030 0.234 0.000 0.568 0.350 0.473 0.352 0.372 0.463 0.561 0.714 0.445 0.499 0.860 0.482 0.631 0.681 0.492 0.695 0.716 0.921 0.473 0.967 0.954 0.373 0.428 0.516 0.349 0.436 0.372 0.070 0.601 0.829 
ofv: -15.588680
f1: 14.05288
f2: 15.58868
Best time: 42.585
Total time:60.017 


Instance: ..\Instances\OVRP\1000N_100p_1to2_5d_8000E_f1=6000_f2=0.ovrp
RKO: LNS | 
Sol: 0.552 0.283 0.691 0.837 0.832 0.936 0.003 0.921 0.701 0.596 0.927 0.323 0.792 0.647 0.723 0.801 0.856 0.389 0.458 0.298 0.595 0.783 0.782 0.983 0.760 0.832 0.367 0.752 0.589 0.147 0.925 0.657 0.021 0.764 0.108 0.286 0.003 0.168 0.829 0.834 0.332 0.532 0.368 0.351 0.368 0.093 0.594 0.145 0.827 0.919 0.569 0.902 0.907 0.708 0.602 0.192 0.574 0.613 0.798 0.504 0.932 0.857 0.218 0.980 0.585 0.651 0.154 0.807 0.840 0.189 0.668 0.890 0.076 0.292 0.519 0.845 0.037 0.438 0.649 0.893 0.052 0.707 0.062 0.743 0.727 0.179 0.131 0.820 0.734 0.633 0.587 0.555 0.420 0.146 0.253 0.556 0.711 0.246 0.810 0.288 0.498 0.933 0.887 0.311 0.641 0.016 0.776 0.034 0.145 0.279 0.030 0.136 0.216 0.283 0.575 0.884 0.065 0.477 0.103 0.544 0.332 0.851 0.129 0.499 0.058 0.905 0.015 0.784 0.318 0.307 0.769 0.681 0.314 0.083 0.473 0.106 0.802 0.563 0.380 0.116 0.035 0.868 0.089 0.750 0.041 0.604 0.112 0.102 0.685 0.923 0.069 0.022 0.077 0.041 0.599 0.743 0.426 0.167 0.110 0.929 0.038 0.817 0.349 0.091 0.908 0.673 0.042 0.137 0.109 0.988 0.683 0.239 0.573 0.679 0.334 0.720 0.475 0.205 0.687 0.786 0.006 0.192 0.292 0.047 0.947 0.135 0.149 0.373 0.764 0.407 0.670 0.913 0.081 0.957 0.219 0.417 0.892 0.555 0.979 0.034 0.224 0.932 0.039 0.676 0.049 
ofv: -15.588680
f1: 13.88459
f2: 15.58868
Best time: 16.776
Total time:60.003 


Instance: ..\Instances\OVRP\1000N_100p_1to2_5d_8000E_f1=6000_f2=0.ovrp
RKO: ILS | 
Sol: 0.957 0.810 0.613 0.248 0.902 0.492 0.754 0.696 0.339 0.337 0.968 0.284 0.918 0.387 0.851 0.596 0.926 0.013 0.004 0.126 0.163 0.581 0.930 0.322 0.726 0.937 0.070 0.850 0.500 0.851 0.539 0.406 0.752 0.735 0.818 0.985 0.216 0.530 0.754 0.953 0.859 0.829 0.535 0.770 0.333 0.916 0.852 0.663 0.320 0.770 0.138 0.352 0.223 0.261 0.205 0.623 0.974 0.427 0.831 0.274 0.971 0.871 0.660 0.742 0.862 0.263 0.271 0.876 0.965 0.960 0.844 0.161 0.785 0.663 0.983 0.427 0.496 0.247 0.399 0.739 0.836 0.046 0.319 0.949 0.617 0.264 0.774 0.145 0.681 0.097 0.971 0.325 0.770 0.135 0.189 0.717 0.926 0.463 0.474 0.231 0.675 0.350 0.206 0.226 0.224 0.250 0.410 0.423 0.965 0.419 0.564 0.323 0.940 0.547 0.411 0.380 0.765 0.715 0.153 0.121 0.694 0.349 0.121 0.522 0.469 0.503 0.110 0.277 0.915 0.564 0.554 0.865 0.237 0.422 0.694 0.344 0.788 0.428 0.682 0.111 0.016 0.563 0.756 0.319 0.204 0.557 0.209 0.495 0.276 0.843 0.496 0.979 0.705 0.174 0.359 0.616 0.134 0.598 0.957 0.676 0.064 0.522 0.430 0.804 0.484 0.981 0.554 0.839 0.190 0.854 0.119 0.478 0.648 0.589 0.421 0.682 0.600 0.477 0.237 0.237 0.781 0.097 0.839 0.123 0.375 0.396 0.975 0.421 0.135 0.386 0.375 0.820 0.321 0.192 0.155 0.710 0.850 0.635 0.383 0.012 0.972 0.413 0.479 0.313 0.174 
ofv: -15.588680
f1: 13.95683
f2: 15.58868
Best time: 34.781
Total time:60.237 
